Latitude: 38.989938
Longitude: -76.936122
Accuracy (m): 65.000000
Timestamp: 2/17/18, 3:54:14 PM EST
