Latitude: 38.989949
Longitude: -76.936156
Accuracy (m): 65.000000
Timestamp: 2/18/18, 11:15:19 AM EST
